classification_weight: 0.5
conv_kernel_size: 7
d_model: 256
device_names: null
dropout: 0.08456147366257075
encoder_lr: 0.00012541454237913183
event_hidden_dim: 32
event_loss_weight: 1.2397998988577914
focal_alpha: 0.19219316991942226
focal_gamma: 2.362303213493136
freeze_encoder_epochs: 0
freeze_ratio: 0.5
fusion_type: weighted_sum
global_layers: 3
input_dim: 38
kernel_size: 7
learnable_pos: false
learning_rate: 0.00048298936907254723
local_layers: 4
max_epochs: 100
max_len: 5000
min_learning_rate: 1.0e-05
min_off_duration: 3
min_on_duration: 5
num_devices: 10
num_heads: 16
num_layers: 4
power_loss_weight: 0.8701208185573082
power_threshold: 10.0
regression_hidden_dim: 128
regression_weight: 1.0
sparsity_factor: 4
tcn_channels:
- 32
- 64
- 128
use_crf: true
use_focal_loss: true
use_time_features: true
warmup_epochs: 5
weight_decay: 0.0009317230225582917
window_size: 32
